 .00001507	  .0000306	-.00003104	-.00007352	-.00014867	-1.263e-06	-.00015609	
 .0000306	 .02751562	 .00350512	 .00538945	-.02582389	 9.507e-06	 -.0026339	
-.00003104	 .00350512	 .01096162	 .00008704	  .0030835	-.00001586	-.00027333	
-.00007352	 .00538945	 .00008704	 .01195819	 .00175164	 2.816e-06	 .00011031	
-.00014867	-.02582389	  .0030835	 .00175164	 .04499268	 9.347e-06	  .0036817	
-1.263e-06	 9.507e-06	-.00001586	 2.816e-06	 9.347e-06	 6.151e-06	-.00002869	
-.00015609	 -.0026339	-.00027333	 .00011031	  .0036817	-.00002869	 .00216865	
