 46.688771	 -4.611055	 53.478847	-67.892791	 18.532225	-54.820004	-12.626366	 3.6412338	-3.6789698	 26.481055	-9.6073282	 3.4338828	-.67621087	-.75567535	-.98021554	 .43391121	 .26493986	 .46475619	 1.3272995	 1.1568115	 1.9849937	 1.2920669	 1.4109705	 1.1746082	 1.0340796	 .28898522	-.52998559	 .34056287	 1.0157635	 .50393852	-1.3638102	-1.1881264	 .82798171	-.01797822	-.07912999	-.69978481	  1.541578	 1.6133434	 2.1272137	 .85946217	 .14852518	 2.1748209	-10.037962	-9.3789086	-13.963991	 6.8916344	 6.6575257	 8.7689806	-10.717258	 5.8672902	 -3.501324	 11.772153	 -4.558921	 2.1259597	 .83222298	 1.6604627	-.33884944	-1.9490963	-1.5879665	  .3653203	 -.1657986	-.01736686	 1.3462427	-4.2079745	-1.6072267	-6.7849575	  1.609136	 .56423274	 1.4721172	-.70009864	-.51728797	 -.3667441	 .00252996	 .01965689	-.03687495	 .00891437	-.00005142	-.02093717	   .605458	
 -4.611055	 9.0215315	-2.6779049	 19.530496	-12.248506	 8.6783962	 11.791124	-4.6575857	 2.7715053	-25.443791	 7.2859825	-4.4070195	   .082684	 .01889937	 .22129743	 .11775332	 .08759504	 -.0041277	-.66551241	-.55648612	-.81963811	 .06698354	-.05103072	 .30697246	-.79586228	-.56561906	-.32912519	 .50508699	 .27204378	-.56565108	 .12636488	  .6264984	-.09533871	 .13947343	-.41505451	 .93290581	-.89605368	-.99391315	-.87368367	-.00131888	 .21089999	-.64619182	 3.4234906	 3.2112678	  4.394236	-2.1004546	-2.0327411	-2.4544654	 2.5906204	-4.2629809	-.16395393	-4.8736111	  2.951594	 .11611748	 -.2861806	-.34054843	 .20625225	  .8878279	  .4410035	-.32541748	 -.2945611	-.05056365	 .00034541	 1.6769724	 .42448798	 2.2480667	 -.4828523	-.31453421	-.48116258	-.05498932	 .42922374	-.25608575	 .01300659	 .00290405	-.02629385	 .01077339	-.00083913	-.00480491	-2.6106699	
 53.478847	-2.6779049	 79.389653	  -74.4174	 20.870719	-79.346384	-18.945947	 5.5642441	-9.9814661	 44.692908	-17.279574	 14.733498	-.51435125	-.88866156	-.61504103	 .78040127	 .66606711	 .73070181	 1.4783555	 1.2863779	 2.3786447	 .81952473	 .99544501	 .64328979	 1.2061376	 1.8290533	-2.1716995	-1.4444784	-1.8319141	 .55892223	-.04322036	 .21060341	 2.6337376	 .23609384	-.24313821	-1.0158444	 1.4565647	  1.486625	  1.942515	 1.4195494	 .66571312	 2.6489884	-9.9807074	 -9.507519	-12.885837	 6.7073569	 6.6861678	  8.136107	-7.0614643	 9.2521071	-5.3593097	 9.5530688	-6.7235074	 2.8786124	-.02610192	 1.2896543	 .04742668	-1.0888208	-.55290386	 .02297543	 .45067522	-.74866281	 1.3475663	-2.7024971	-.69213026	-4.0978409	 1.0733266	  .1882039	 1.0706173	 -.5602442	-.33824855	 -.5427955	 .00528236	 .02877442	-.05357382	 .01111807	-.00217049	-.02510412	-3.6060341	
-67.892791	 19.530496	  -74.4174	 861.68491	-301.58436	   530.726	-773.62578	 280.91759	-421.42965	-724.64086	 247.45915	-175.76803	 6.1973392	 4.8241487	 9.3674481	 3.7624175	 4.4048653	 3.4849054	-23.164478	-21.867561	-29.842544	-2.8465088	-2.9195051	-2.9444529	-4.5046866	-5.3248923	 .21147688	 6.1112031	 9.9093955	-2.0915601	-1.7728119	  .4719987	 .50120695	-.49330168	-5.2871029	 .43088495	-5.9986663	-5.3673514	-11.432249	-14.670433	-17.266172	-7.5681517	 69.114378	 70.797032	 74.290274	-44.481856	-44.307244	-51.087588	 20.758026	-17.066724	 6.4019774	-48.941475	 19.500799	-6.2251451	 1.8246117	-4.5381988	  2.471788	 6.0997107	 7.3638067	-3.1042068	-.77530429	 2.5746851	-2.9472824	 2.0306401	-1.3701908	 3.4725886	-2.9125239	-2.7079948	-2.7727955	 1.8163506	 4.5239159	 2.1062444	-.02869488	 .04862057	-.02481229	 .03995482	 -.0084831	-.00843089	  45.64861	
 18.532225	-12.248506	 20.870719	-301.58436	 121.29494	-177.30928	 267.95834	-104.89675	 141.65431	 275.96343	-94.693526	 66.605174	-2.0918857	-1.6595863	-3.3486675	-1.4968882	-1.4715566	-1.2612772	 9.2220445	 8.5932244	 11.705503	 .75336971	 .78880996	 .80707679	  1.020518	 1.5404687	-.31643713	 -2.109273	-3.4899839	 1.2169993	 .19966852	-.75508112	-.80024274	 1.1215899	 2.8429885	  .2384849	 2.9281605	 2.5633419	 4.7466428	 4.3845445	 5.6401263	 1.8497347	 -25.35719	-26.217908	-26.522696	  16.55426	 16.502042	 18.438256	-6.3948089	 8.5837165	-1.8789928	 17.661178	-11.279563	 .74620537	 1.1318371	 2.9580503	 .05983477	-2.6948079	-2.3477149	 1.1404626	 .96555674	-.78395964	 .85026085	-1.9687768	 .15019776	-1.6464151	   1.65845	 1.1957114	 1.3222159	-.56637993	-1.7415038	-.53201037	-.01247682	 .01297447	 .02744458	-.04394051	 .00341341	 .00321915	-17.274598	
-54.820004	 8.6783962	-79.346384	   530.726	-177.30928	 396.01971	-460.06688	 167.59097	-292.43655	-394.48569	 135.16858	-96.703833	 2.8848793	  2.509066	 3.9018509	 .58357036	 .83856058	 .56339633	-11.260396	-10.672308	-14.926364	 .42116881	 .17925093	   1.18666	-2.7961782	-4.3698859	 1.9138377	 8.1030945	 10.539424	-1.2256269	-5.5211521	-2.8549557	-2.3815668	-.14652704	 -3.418233	 1.2197178	-3.9888978	-3.9313537	-6.1466057	 -9.023657	-10.142672	-6.5647376	 42.274152	 43.306631	 45.348051	-26.878145	-26.935729	-30.219974	 10.420309	-12.925558	 6.2685797	-27.032642	 20.418109	-8.4839468	-.49653461	-6.4658445	 3.2873395	 3.0682136	 2.8412971	 -1.413511	-.70642265	 .97318896	-.66383066	 1.7739334	-.59170314	 1.7922381	-1.8968981	-.76905017	-1.9542208	 .18047973	 2.3717586	 .28007932	-.05125089	 .04058826	 .00382265	 .02532406	-.00374473	-.00488898	 21.480882	
-12.626366	 11.791124	-18.945947	-773.62578	 267.95834	-460.06688	 3654.2135	-1306.4627	 1591.6092	-2320.0964	 792.92813	-700.71606	-34.454068	-28.318314	-49.292554	 1.9710656	 1.9620466	 2.4698612	 142.38798	 128.79981	 189.97566	-15.384544	-14.065341	-21.432946	 1.2382766	 .36509273	 1.0819493	-4.9825836	-7.3787721	-1.0076897	 13.809184	 6.3908308	-5.1096153	-11.163856	 .48754778	 2.8938984	 5.2729833	-.97170978	 24.957485	 36.167895	 47.701266	 4.4884748	-137.60771	-143.56211	-139.53446	 85.050494	 86.620094	 92.513386	 6.2327094	-13.034964	 2.8829016	-46.181459	 16.165733	-.83149096	-48.863446	-14.465421	 2.1419266	 19.960363	 26.882422	-4.9698477	-.20732847	-2.3473955	 .30415519	 10.004916	  6.657368	 14.980701	-.14152268	-3.6821841	 5.3336166	-3.0791241	-1.5816558	-8.9649361	-.03823407	-.04688703	 .11173223	-.00622019	-.02152459	-.07208206	-237.75452	
 3.6412338	-4.6575857	 5.5642441	 280.91759	-104.89675	 167.59097	-1306.4627	 487.07288	-575.86293	 809.48365	-288.08151	 251.39039	 12.225659	 10.155644	 17.430239	-.54385701	-.74594655	-.62003044	-51.002221	-45.901863	-67.956398	  5.297854	 4.6977102	 7.2442998	 .08105414	 .73366171	-.21716362	 1.7592453	  1.893179	 1.0260384	-3.8504323	-1.1494602	 1.1936759	  2.411164	-1.4537538	-1.2342617	  -2.72352	-.34075741	-10.000982	-11.448397	-15.764261	-.33851822	 49.755966	 51.965073	 51.251177	-31.323173	-31.963428	-34.198629	-1.6556315	 4.3564528	 -.7024278	 16.075932	-2.7406751	  .6352147	 13.286612	 .58484869	-2.2653294	-4.4218929	-7.0477089	 2.4526006	 -.1414706	 .66143908	-.17796275	-2.7789146	-2.1990219	-5.3398821	-1.1868271	 .99046527	-1.8709785	 1.6156422	 .70379491	 3.1403572	 .01865851	-.02300474	 .01100733	 -.0113719	 .00631681	 .02762705	 86.207136	
-3.6789698	 2.7715053	-9.9814661	-421.42965	 141.65431	-292.43655	 1591.6092	-575.86293	 862.90888	 -748.7819	 269.69557	 -316.8507	 -14.08755	-11.547311	-20.016181	 .09998173	 .50378247	-.14212938	 57.364297	 51.959668	 76.729805	-4.5677815	-4.3606789	-6.4687758	-.80993451	-1.2812785	 .29101141	-5.7501332	-5.8367328	-.80948432	 12.376816	 6.4864757	-1.4910444	-6.1786957	 .62662009	 1.3936726	 .37316854	-2.3877089	 9.0913913	 14.139053	  19.16926	  1.922173	-46.807814	-50.248164	-46.200827	 29.466246	 30.622424	  30.83846	-4.3833461	-2.3104214	 .75881066	-13.163264	-2.5261528	 4.1674863	-15.029222	 4.2974283	-5.2151258	  4.158919	 7.4344099	-.10213969	-.40855707	-.30055696	-1.6150548	 4.3124501	 3.1810057	 7.7455682	 .90646415	-1.0258267	 2.6271252	-.90667206	 -1.224131	-2.3845998	 .01342647	-.08887076	 .09798689	-.01648274	-.01284182	-.02215543	-126.15214	
 26.481055	-25.443791	 44.692908	-724.64086	 275.96343	-394.48569	-2320.0964	 809.48365	 -748.7819	 5144.6945	-1781.6812	 1501.9614	 17.338367	 15.780817	 22.180056	-18.809313	-18.814515	-21.038381	-58.224059	-51.421794	-78.030222	 28.679812	 25.901165	 38.323312	-1.1207384	 4.4723764	-5.8326064	-8.9963087	-16.919638	-.92900107	-5.1426352	-1.8961804	 10.731486	 17.128128	 14.437249	-1.2324339	-12.570427	-9.2718978	-18.953294	-25.769156	-30.264759	-14.503871	 112.30863	 112.37743	 121.56474	-66.306548	-64.937593	-79.585237	-13.075274	  32.24733	-8.5509083	 122.34847	-38.810745	 4.6686406	 42.921149	 31.949705	-8.6353226	-38.480601	-50.820999	 15.290151	 4.0319957	-5.4046656	 6.7180871	-2.8452951	 2.3749652	-4.5296971	 6.0343889	 9.5710052	 .03998543	-1.4291095	-8.3134695	 3.4707356	 .07102516	-.07248866	-.06420931	 -.0508982	 .04373034	 .11220551	-79.055179	
-9.6073282	 7.2859825	-17.279574	 247.45915	-94.693526	 135.16858	 792.92813	-288.08151	 269.69557	-1781.6812	 634.86824	-538.51902	-5.9038276	-5.3608361	-7.4668627	 6.0475233	 6.1286431	  6.592399	 19.059046	 16.675313	 25.452982	-9.7548794	 -8.653168	-12.856691	 .67044778	-1.7430919	  2.519559	 2.9784495	 6.3719349	-.54093659	 1.1774578	-.34401584	-2.4707392	-5.4091828	-4.2854239	-.40729312	 3.9873975	 2.9247347	 6.2044584	  7.956457	 9.3101846	 4.6253167	-34.697684	-34.645884	 -38.09505	 20.169758	 19.698092	 24.533863	 3.2734425	-10.219488	 3.2006399	  -40.2628	 13.088597	-1.3510166	-12.276352	-8.3444356	 3.4482391	 11.000643	 14.045335	-6.0549031	-1.4858035	  1.742952	-2.5083788	 1.4774241	-.32882509	 2.6965914	-1.4315232	-3.0967382	-.41437674	-.43842138	 2.7320468	-1.5022946	 -.0104675	 .02114515	-.00572187	 .04291456	-.01577893	-.03969092	 31.791989	
 3.4338828	-4.4070195	 14.733498	-175.76803	 66.605174	-96.703833	-700.71606	 251.39039	 -316.8507	 1501.9614	-538.51902	 552.17564	 5.5115974	 5.1644645	  6.986637	-4.6010372	-4.9054138	-4.7253111	-15.588381	-14.063476	-20.483278	 5.6578789	  5.142186	 7.2278137	-1.1670961	 1.0978496	-3.0482818	-2.1590046	 -5.190038	 .12363208	-4.2925975	-1.8501421	 4.3508557	   8.20604	  5.941372	 -.7596111	-2.2274094	 -1.050914	-4.9039563	-6.9062428	-8.0362806	-3.8488146	 26.588169	 26.883814	   29.2601	-15.681979	-15.906481	-18.504441	 5.4364441	 6.0367559	-1.8286268	 31.014367	-8.2878582	 .56335247	 9.7201274	 6.1635676	 .12705511	 -10.25347	-9.9103291	 2.3356988	 1.9663246	-1.4348127	  3.384285	 -3.209119	-.76339612	-5.4026315	 2.0712373	  2.844583	 .94772692	 .10939511	-2.4485634	 .90051259	  .0436448	-.01376898	-.05383578	-.00882455	 .01517227	 .02951186	-34.575182	
-.67621087	   .082684	-.51435125	 6.1973392	-2.0918857	 2.8848793	-34.454068	 12.225659	 -14.08755	 17.338367	-5.9038276	 5.5115974	  5.508584	 4.2708385	 7.9619369	-2.4651842	-2.1402765	-2.9422578	-9.3275871	-8.1920573	-12.938881	 1.0893894	 .86058449	 1.7916349	 .58273944	  .1150525	  .4670871	-.47195899	-.04085694	  .2757824	-.12184615	-.14252055	-.38634711	 .06080447	 .08903913	-.26440973	 .17694523	 .17629261	-.15270985	-.21815527	-.14058566	-.10459637	 .45722286	 .43691224	 .73906321	-.46543672	-.51089799	-.52909914	 .39716247	-.16210829	 .06712754	 -.6530615	 .39332823	-.10933737	-.23319267	-.11538048	 .14677418	-.05285767	-.17088119	-.05498998	-.00684747	 .07642361	 .03142679	-.35713507	 -.0216099	-.64829426	  .1735596	-.06291084	 .26408727	 .19535945	-.00641061	 .29405543	 .00405123	-.00354809	 .00861173	-.00911407	 .00046775	 .00714809	 7.4512192	
-.75567535	 .01889937	-.88866156	 4.8241487	-1.6595863	  2.509066	-28.318314	 10.155644	-11.547311	 15.780817	-5.3608361	 5.1644645	 4.2708385	 3.9999311	 5.7837308	-2.0565406	-2.3271273	-2.0784771	-6.9882085	-6.1304146	-9.7521723	 .88720865	 .70360016	 1.4353763	  .1602706	-.12846471	 .47289776	-.07415129	 .16229051	 .10604379	-.11572604	-.15000565	-.33125782	 .08461095	 .13752599	-.16660677	-.06107444	  .0438047	-.42933226	 .06218323	-.00449914	 .35181595	 .46581689	 .54174206	 .44283699	-.47212486	-.56744282	-.35872496	 .32468068	-.03482735	 .01307003	-.48873742	 .36634836	 -.1187542	-.16050498	-.18971199	 .14812356	-.01823218	-.13272707	-.05421539	-.00453246	 .03794727	 .02395013	-.37742453	-.02807354	-.64745594	 .19276959	-.03067572	 .28840697	 .17108877	 .01144867	 .27867894	 .00173542	-.00323639	  .0082884	-.00766454	 .00044966	 .00556005	 5.5837313	
-.98021554	 .22129743	-.61504103	 9.3674481	-3.3486675	 3.9018509	-49.292554	 17.430239	-20.016181	 22.180056	-7.4668627	  6.986637	 7.9619369	 5.7837308	   12.5182	-3.1809805	-2.5020749	-4.6144996	-14.449528	-12.726451	-20.003047	 1.6133482	 1.3052831	 2.6783065	 .40015132	-.22345337	 .43711697	-.24073542	 .28959675	 .53954185	-.12277641	-.09853645	-.45715223	 .02385121	  .0517857	-.40209186	-.22828631	-.17841932	-.55699154	 .04513293	 .12740322	 -.1470602	 1.9513272	 1.7845075	 2.8908108	-1.7185209	-1.6695611	-2.0795701	 .56834385	-.41924186	 .14690493	-1.0919831	 .58128779	-.16777359	-.38707464	-.05422846	 .18102028	-.10289068	-.19927915	-.05448109	 .04722608	 .20739039	 .14615846	-.49861645	-.12334111	-.89346928	 .19623077	-.11474855	 .25432935	 .23335881	-.02934668	  .3332116	 .00469616	 -.0031132	 .01039273	 -.0123898	 .00061061	 .01137148	 11.540873	
 .43391121	 .11775332	 .78040127	 3.7624175	-1.4968882	 .58357036	 1.9710656	-.54385701	 .09998173	-18.809313	 6.0475233	-4.6010372	-2.4651842	-2.0565406	-3.1809805	 15.030308	 12.930957	 20.345857	 -6.412724	-5.9236068	-7.8532518	-4.1851609	-3.4594459	-6.3579343	-.34269472	 .09493442	-.40625806	 .84185011	-.47469654	  1.357441	-.23545737	 .54982193	-.85735429	-.28063688	-.13779795	-.12324354	 .18352907	 .17639485	 .58730286	 .95238445	 1.0459786	 .15537188	-3.2521206	-3.3293598	-2.8670202	 1.9617447	 1.9574785	 2.0211263	-.06256736	-.16327325	 .06128561	  1.020725	-.15921074	 .01789475	-.88765233	 .05550094	-.05667081	-.15347957	 .31698711	 .03136261	-.14795976	-.12701837	-.14032625	 1.3073714	 .84743263	 1.7744137	-1.0171895	-.56473739	 -1.399877	-.90216826	-.18518309	-1.2749442	-.00336604	 .00502902	-.00731307	 .00810191	 .00147337	-.00008906	-.35221898	
 .26493986	 .08759504	 .66606711	 4.4048653	-1.4715566	 .83856058	 1.9620466	-.74594655	 .50378247	-18.814515	 6.1286431	-4.9054138	-2.1402765	-2.3271273	-2.5020749	 12.930957	 12.328909	 16.705441	-5.6615603	-5.7752017	-6.4720404	-3.3282292	  -2.74357	-5.1391848	 .15487116	 .46118588	-.33676346	  .0790292	-1.0403955	 1.4639946	 .05509378	 .70964603	-.88913806	-.29197181	-.08967534	-.24714923	 .26168338	 .09864717	 .69585545	 .54798105	 .90405541	-.31919771	-2.5561151	-2.7678535	-1.9819067	 1.6068816	 1.6443353	 1.4781576	-.13119746	-.17935491	  .0290171	 1.0718961	-.18913177	 .03136634	-.83118784	  .1876976	-.08991042	-.12785101	 .24272639	 .04547215	-.11105273	-.15610037	-.08029508	 1.3118087	 .83038847	 1.8024783	-1.0708454	-.51765997	-1.4747389	-.89314603	-.16779794	-1.2808289	  .0011971	 .00087358	-.00627249	 .00668397	 .00175823	-.00116468	-.34339513	
 .46475619	 -.0041277	 .73070181	 3.4849054	-1.2612772	 .56339633	 2.4698612	-.62003044	-.14212938	-21.038381	  6.592399	-4.7253111	-2.9422578	-2.0784771	-4.6144996	 20.345857	 16.705441	 29.688196	-8.6369921	-7.6512923	-11.646811	 -6.348341	-5.2886764	-9.5875223	-.12887932	 .35865629	-.48363979	  .3325791	 -.9941636	 1.3721894	 .12563445	 .73771888	-.77879653	 -.3509155	-.06666194	-.14805848	 .66871855	 .62262039	 .71618454	 .71415681	 .94821057	 .43804449	-4.4729166	-4.6108388	-4.3373482	 2.8948205	 2.8531942	 3.1099788	 .00884419	-.16417552	 .07241973	 1.2668966	-.24963449	 .04629972	 -1.144533	 -.0594616	-.07439367	-.17418664	 .43976447	 .04224019	-.29042478	-.16599531	-.32266409	 1.5546709	 1.1309822	 2.1120516	-1.1075558	-.78422546	 -1.519473	-1.0590009	-.23898134	-1.4872722	-.00985474	 .00960261	-.01112921	 .01378695	 .00132374	 .00348934	-.49626865	
 1.3272995	-.66551241	 1.4783555	-23.164478	 9.2220445	-11.260396	 142.38798	-51.002221	 57.364297	-58.224059	 19.059046	-15.588381	-9.3275871	-6.9882085	-14.449528	 -6.412724	-5.6615603	-8.6369921	 58.125038	 51.222377	 79.302483	-15.452929	-13.468717	-21.472221	-1.1105184	-1.6586314	-.35798223	-1.1370528	 1.2368241	-2.5530881	  .9073524	-1.1991584	 1.7153611	 1.1759829	 1.6098148	 .94079878	 .95584999	 .92337838	 1.0922189	-2.0228978	-2.3276788	-.78121592	-2.7901592	-2.4090527	-5.6197083	 2.6743576	 2.9173493	 3.0819746	-.64379246	  .8618426	-.16795262	-.19217028	 -1.533419	 .39885531	 2.3144172	 .97851656	-.63739887	-.21666023	  .5403972	 .12731177	 .72409639	-.08757047	 .27927255	 .07692103	-1.1407389	  .4892115	 .88169463	 1.2538874	 1.2700777	  .2434906	-.00029409	 .44292125	-.00371075	 .01075935	 .00212543	-.00858614	-.00006583	-.01765929	-37.888738	
 1.1568115	-.55648612	 1.2863779	-21.867561	 8.5932244	-10.672308	 128.79981	-45.901863	 51.959668	-51.421794	 16.675313	-14.063476	-8.1920573	-6.1304146	-12.726451	-5.9236068	-5.7752017	-7.6512923	 51.222377	 46.386206	 68.876034	-13.258072	-12.104298	-17.916307	-1.0405676	 -1.520276	-.29845896	-.49043385	 1.6000901	-2.3716087	 .31952036	-1.5546344	 1.6062866	 1.0675457	 1.4577302	 .83153905	 .82379948	 .80921887	 .97803642	-1.7603984	 -2.182077	-.70875353	-2.3986227	-1.8863519	-4.8351114	 2.2750412	  2.458313	 2.5488039	-.51007299	 .78979622	-.16336405	-.31169805	-1.4417965	 .34402283	 2.1931663	 .87714802	-.58791595	-.15754967	 .47959653	 .13029236	 .62633907	-.09740198	 .26208269	 .06665895	-1.0411995	 .48566699	 .97765242	  1.114332	 1.3557778	  .3208297	 .04074685	 .55442355	-.00410413	 .01493603	-.00158686	-.00805727	 .00016548	-.01396633	-33.782571	
 1.9849937	-.81963811	 2.3786447	-29.842544	 11.705503	-14.926364	 189.97566	-67.956398	 76.729805	-78.030222	 25.452982	-20.483278	-12.938881	-9.7521723	-20.003047	-7.8532518	-6.4720404	-11.646811	 79.302483	 68.876034	 110.98323	-21.595783	-18.445499	-31.323483	-1.2879215	-1.9967227	-.44524096	-1.3633843	 1.4775286	-3.0625067	 .32666358	 -1.804115	  1.635319	 2.0823994	 2.3176059	 1.4918159	 1.1510141	 .98763885	 1.4147819	-2.5942071	-2.9085391	-1.4849103	-3.3981367	-2.7259736	-6.5432184	 3.3554904	 3.5204655	 3.7860159	-.94582108	 1.0732115	-.21181355	-.05023396	-1.8380386	 .48553915	 2.9147876	 1.1016047	-.78330874	-.29349808	 .77766816	 .13135229	 .96011199	 -.1643649	 .34741625	 .11697481	-1.3788311	 .63064582	 .99497208	 1.8022711	 1.5176464	 .24010022	-.17910228	  .4441612	-.00134251	 .00672605	 .00541076	-.01054059	-.00032956	-.02320786	-51.816801	
 1.2920669	 .06698354	 .81952473	-2.8465088	 .75336971	 .42116881	-15.384544	  5.297854	-4.5677815	 28.679812	-9.7548794	 5.6578789	 1.0893894	 .88720865	 1.6133482	-4.1851609	-3.3282292	 -6.348341	-15.452929	-13.258072	-21.595783	 39.694101	 34.857706	 54.958817	 .76972457	 .62926827	 .12526168	 .48218231	-.49153285	 .97213165	-.75669202	 .22918068	-.63298281	-.39899572	-.45894972	 -.2984107	-.63364662	-.49537386	-1.0418796	-.10927338	-.28523517	-.16851975	 3.2192779	 3.2850799	 3.8137555	-2.2240253	-2.3296769	-2.2857678	-1.5993816	 .49804677	-.34770077	 2.9543853	-.28778951	 .16478499	 -.3785493	-.06906224	  .0628784	 .08050596	-.23076617	 .06489894	-.42427579	 .17091961	-.19847256	-.15627463	-.15948279	-.57071863	  .0432109	-.19100196	-.10240837	 .08955322	 .39032261	 .28854864	-.00307997	  .0042879	-.01088883	 .00438349	-.00306692	 .00605159	-21.641585	
 1.4109705	-.05103072	 .99544501	-2.9195051	 .78880996	 .17925093	-14.065341	 4.6977102	-4.3606789	 25.901165	 -8.653168	  5.142186	 .86058449	 .70360016	 1.3052831	-3.4594459	  -2.74357	-5.2886764	-13.468717	-12.104298	-18.445499	 34.857706	 31.484282	 47.429946	 .66113518	 .49866452	  .0849629	 .19559502	-.55130636	  .7391936	-.42084031	 .54221373	-.53716553	-.34081669	-.56181596	-.13758078	-.40035422	-.30318061	-.61461891	-.05970383	 -.2341668	  .0006166	 2.1872736	 2.1473244	 2.4267827	-1.4528651	-1.4636925	-1.3999884	-1.5284422	 .48453757	 -.2977409	 2.9252863	-.23675718	 .14765426	-.39744463	-.01122426	  .0343079	 .05897813	-.15547231	 .01779318	-.40498836	 .16641084	-.25232955	-.06780159	-.11157757	-.42103452	-.06281172	 -.1809971	-.20804695	 .06714729	 .30724393	 .27224678	 -.0036401	 .00304808	-.00619125	 .00208158	-.00190801	 .00628423	-19.238714	
 1.1746082	 .30697246	 .64328979	-2.9444529	 .80707679	   1.18666	-21.432946	 7.2442998	-6.4687758	 38.323312	-12.856691	 7.2278137	 1.7916349	 1.4353763	 2.6783065	-6.3579343	-5.1391848	-9.5875223	-21.472221	-17.916307	-31.323483	 54.958817	 47.429946	 78.350823	 .96714679	 .79959198	 .06062593	 .83725311	-.51711306	 1.4418297	-.65364379	 .25807322	-.55113223	-1.0270117	-.68725657	-.72713734	-.70779705	 -.4483465	-1.3163017	 .00910676	-.35244685	-.14645832	 3.2452578	 3.3217781	 3.6794412	 -2.458815	-2.4872967	-2.1894702	-1.9535224	 .64800277	-.46465307	 3.3639903	-.48271518	 .25678518	-.34476997	 .01086551	 .07959207	 .01497478	-.56977086	 .09135428	-.47933263	 .21253055	-.14294841	-.24498591	-.35633563	-.89005946	 .06212778	-.30323094	-.13288836	-.06351746	 .70073586	 .27836829	-.00206144	 .00677609	-.01565872	 .00563447	-.00335693	 .00928759	-29.035445	
 1.0340796	-.79586228	 1.2061376	-4.5046866	  1.020518	-2.7961782	 1.2382766	 .08105414	-.80993451	-1.1207384	 .67044778	-1.1670961	 .58273944	  .1602706	 .40015132	-.34269472	 .15487116	-.12887932	-1.1105184	-1.0405676	-1.2879215	 .76972457	 .66113518	 .96714679	 44.011537	 31.940655	 27.002754	-32.955377	-25.059608	-22.792167	-.96879023	-.69680055	-1.1806718	-9.6463161	-5.5996013	-2.4675815	 .60355644	 .05816513	-.06320663	 -2.938019	-1.8685038	-3.0421177	 5.0067837	 4.4810193	 6.9288987	-2.4307624	-2.4167891	-3.6638377	-1.3689215	 -.7535021	-.19073707	 .40228554	 2.2785352	-.23914112	-.90656209	-.45918822	 .24630937	 .13638983	-.58310758	 .01487015	-11.015161	-3.8352807	-5.5104749	 6.4780582	 4.4111499	 4.6920611	 .45861168	-.99749714	 .30193409	  -.285274	 -.1788086	-.16211159	 .00009537	-.01109739	-.00202219	 .00889518	 .00050399	-.00008273	 2.4438524	
 .28898522	-.56561906	 1.8290533	-5.3248923	 1.5404687	-4.3698859	 .36509273	 .73366171	-1.2812785	 4.4723764	-1.7430919	 1.0978496	  .1150525	-.12846471	-.22345337	 .09493442	 .46118588	 .35865629	-1.6586314	 -1.520276	-1.9967227	 .62926827	 .49866452	 .79959198	 31.940655	 35.919822	 14.759043	-24.822401	-33.232731	 -12.51196	 .26040888	 .90943157	  .0977353	-6.9609062	-3.3859094	-2.6254902	  .7223717	 .26852636	 .68525839	-1.9191818	-.96711213	-2.5205253	 1.8278274	 1.1359733	 3.4762026	-.30827708	-.19509926	-1.1682575	-.61699071	-.38167196	-.22106638	 .33315771	 1.7372631	-.18746222	-1.0996094	-.58725092	 .18057343	 .25149259	-.31001969	  .1215613	-8.4181855	-4.3549388	-5.0495773	  5.749239	 4.6694229	 5.1864705	-.21581965	-.91100655	-.10086912	 .07371559	-.18527814	-.08382695	 .00941029	-.02204177	 .01146817	 .00163076	 .00049012	-.00477247	 2.6224241	
-.52998559	-.32912519	-2.1716995	 .21147688	-.31643713	 1.9138377	 1.0819493	-.21716362	 .29101141	-5.8326064	  2.519559	-3.0482818	  .4670871	 .47289776	 .43711697	-.40625806	-.33676346	-.48363979	-.35798223	-.29845896	-.44524096	 .12526168	  .0849629	 .06062593	 27.002754	 14.759043	 40.635183	-23.259594	-10.880758	   -40.025	-1.1304872	 -.5682773	-1.4763664	-1.6632425	-1.8070468	 2.4172736	-.47867359	-.26109383	-1.0676484	-1.3342492	-1.2869966	-1.3015291	  6.036149	 5.9024513	 7.7461689	 -4.044988	-4.1779398	-5.1713579	 1.0857036	-1.1066708	 .42504948	-2.6005428	 2.1189807	-.49521828	 -.0831824	 -.2506527	 .06269492	-.39109288	-.49001999	 .05641013	-4.9236032	-2.7186255	 -3.887022	 3.9795654	 3.1179039	 4.2635292	 .12225532	-.48867811	-.03356711	 .15959987	-.46846482	 .11240607	 .00764923	-.00313611	-.01389403	 .00166229	 .00023514	-.00160312	 .29992936	
 .34056287	 .50508699	-1.4444784	 6.1112031	 -2.109273	 8.1030945	-4.9825836	 1.7592453	-5.7501332	-8.9963087	 2.9784495	-2.1590046	-.47195899	-.07415129	-.24073542	 .84185011	  .0790292	  .3325791	-1.1370528	-.49043385	-1.3633843	 .48218231	 .19559502	 .83725311	-32.955377	-24.822401	-23.259594	 80.154418	 57.213191	 66.154779	-45.065154	-29.866245	-42.526016	 -1.543026	-1.8336939	 .53653621	-2.0345933	-1.2413476	-1.7111067	  4.741543	 3.3329793	 3.7898374	-1.9515639	-1.2142041	-1.2782082	 .22317818	-.09029486	 .79541767	-.27368767	 .94178104	 .35713736	-2.1026794	-3.5409782	 .05008479	 3.5393731	 2.2675049	 -.3266452	-1.0162406	 .10000953	 .20510312	 6.5084437	 3.2429292	 4.7109386	-11.344986	-5.7759822	-5.3952558	  4.088961	 3.4795284	 .36120116	-.82219611	-.54423306	-1.2010515	 .02817752	-.01935136	  .0027414	-.01285238	-.00199419	-.01185192	-.54066908	
 1.0157635	 .27204378	-1.8319141	 9.9093955	-3.4899839	 10.539424	-7.3787721	  1.893179	-5.8367328	-16.919638	 6.3719349	 -5.190038	-.04085694	 .16229051	 .28959675	-.47469654	-1.0403955	 -.9941636	 1.2368241	 1.6000901	 1.4775286	-.49153285	-.55130636	-.51711306	-25.059608	-33.232731	-10.880758	 57.213191	 73.765248	  33.36831	-31.492538	  -39.3878	-23.502642	-.38166911	 -.7088985	 1.4593378	-2.0012076	-1.4933601	 -2.010455	 3.2827218	  2.269374	 3.0044185	 1.6788444	 2.6034245	 1.7467937	-1.9341094	-2.4987475	-1.0403759	-.74420084	 .48482958	 .35575021	-1.6701349	-2.8291072	 .07654479	 3.3250586	 2.1031968	-.24257138	-1.1767373	 .05175708	  .0053698	 5.6372722	 4.0442516	 4.7034974	-10.371792	 -6.543031	-7.2611468	 4.7054245	 3.7358298	 2.3468994	-1.4164116	-.80419486	-1.6636988	 .00156381	 .01772907	-.02608455	 .00525992	-.00224047	-.00300071	-.50578719	
 .50393852	-.56565108	 .55892223	-2.0915601	 1.2169993	-1.2256269	-1.0076897	 1.0260384	-.80948432	-.92900107	-.54093659	 .12363208	  .2757824	 .10604379	 .53954185	  1.357441	 1.4639946	 1.3721894	-2.5530881	-2.3716087	-3.0625067	 .97213165	  .7391936	 1.4418297	-22.792167	 -12.51196	   -40.025	 66.154779	  33.36831	 112.14385	 -40.97092	-19.328908	-68.325808	-1.4852254	-.31334875	-2.2747548	 .42224702	  .4330126	 .75198219	 2.4793097	  2.532872	 2.4638259	-8.5713072	-8.5277787	-9.5615153	 5.4705203	 5.3884472	  5.912319	-1.8415902	 1.1251832	-.20877831	 .88876528	-2.9903907	 .63204996	 1.2933879	 1.4579389	 -.4308346	-.25039319	 .42955978	 .08170889	 4.4562346	 2.2189495	 5.3500257	-6.2152968	-3.7974654	-5.4977661	 .95881644	 1.5522289	-.66709202	-.14193314	 .05582604	 .08177796	 .00117582	 .00032404	   .026503	-.03168754	-.00099095	 -.0109237	 .01846583	
-1.3638102	 .12636488	-.04322036	-1.7728119	 .19966852	-5.5211521	 13.809184	-3.8504323	 12.376816	-5.1426352	 1.1774578	-4.2925975	-.12184615	-.11572604	-.12277641	-.23545737	 .05509378	 .12563445	  .9073524	 .31952036	 .32666358	-.75669202	-.42084031	-.65364379	-.96879023	 .26040888	-1.1304872	-45.065154	-31.492538	 -40.97092	 78.430401	 50.266774	 69.861558	-32.997713	-19.871256	-28.484324	  .9785269	 .67502233	 1.6160621	-3.6862814	-2.9168168	-3.7202238	 3.9707671	 2.8755122	 3.2204766	-1.2918887	-.81016484	 -.8850992	  .7606403	 .14382007	 -.1584105	-1.6046428	 2.1336994	 .19585782	-4.7416129	-3.3570276	-.00312967	 3.8024134	 1.6848885	-.07926901	 1.0124713	-.80897332	 1.1042395	 2.6872928	 1.6011624	 -2.252384	-9.3247804	-5.8917344	-2.0410112	 6.0633228	 3.4889647	 3.5845917	 -.0118555	 .01666027	-.01046788	 .00736752	 .00294287	  .0070536	 .61753672	
-1.1881264	  .6264984	 .21060341	  .4719987	-.75508112	-2.8549557	 6.3908308	-1.1494602	 6.4864757	-1.8961804	-.34401584	-1.8501421	-.14252055	-.15000565	-.09853645	 .54982193	 .70964603	 .73771888	-1.1991584	-1.5546344	 -1.804115	 .22918068	 .54221373	 .25807322	-.69680055	 .90943157	 -.5682773	-29.866245	  -39.3878	-19.328908	 50.266774	 67.834785	 30.723867	-19.968059	-29.812684	-10.820807	 1.6202607	 1.5318616	 1.8007212	-2.7339282	-2.6506266	-2.0317627	-.68072029	 -1.265721	-1.7824526	 1.0618447	 1.6378531	 1.0260653	 1.5320659	-.24143389	 .00535851	 -2.384953	 2.3716076	-.05902724	-3.9730718	-2.6777581	 .05406223	 3.3333238	 1.4105196	-.10103649	 .07134131	 -.4772549	-.11219029	 4.4025909	 2.8740233	 1.6802162	-9.8694187	-7.0543917	 -6.042604	 6.1650611	 3.6823672	 5.2658724	 .00646774	-.00962033	 .00786962	 -.0063252	 .00329098	-.00545424	 .96196712	
 .82798171	-.09533871	 2.6337376	 .50120695	-.80024274	-2.3815668	-5.1096153	 1.1936759	-1.4910444	 10.731486	-2.4707392	 4.3508557	-.38634711	-.33125782	-.45715223	-.85735429	-.88913806	-.77879653	 1.7153611	 1.6062866	  1.635319	-.63298281	-.53716553	-.55113223	-1.1806718	  .0977353	-1.4763664	-42.526016	-23.502642	-68.325808	 69.861558	 30.723867	 114.84833	-27.363792	-8.9427053	-46.752706	-.68888614	 -.7256127	-.63639811	 -1.858387	-1.8548389	-2.2155226	 7.7879825	 7.5583598	 8.8028693	-4.5401226	-4.4275442	-4.6822083	-.61382085	 .98180647	 -.4017928	 .74465942	 .87849744	 .01670249	-1.5888103	-2.1279808	 .66225682	 1.4909692	 .36412606	-.28107229	 .52023561	 -.4719626	  .5845183	-.43978591	-.09630841	-3.1389534	-2.4447384	-2.6228734	 .83012097	 1.4444018	 1.9349306	 .29221113	-.00015259	-.02337304	 .00661321	 .02132092	 .00207555	 .00378189	 .81756618	
-.01797822	 .13947343	 .23609384	-.49330168	 1.1215899	-.14652704	-11.163856	  2.411164	-6.1786957	 17.128128	-5.4091828	   8.20604	 .06080447	 .08461095	 .02385121	-.28063688	-.29197181	 -.3509155	 1.1759829	 1.0675457	 2.0823994	-.39899572	-.34081669	-1.0270117	-9.6463161	-6.9609062	-1.6632425	 -1.543026	-.38166911	-1.4852254	-32.997713	-19.968059	-27.363792	 44.244174	 27.014455	 30.508703	 .64485467	 .73751825	 .36977075	 1.5931508	 1.1706487	 2.6652343	-7.4610666	 -6.575095	-9.3570136	 3.9366324	 3.7136319	 4.2379598	 .89788258	-.31524233	 .00659345	 3.4378927	-.96725129	 .02628716	 2.1336497	 1.5345152	 .08557149	 -2.893787	-1.1954824	-.15441823	 3.4784416	 1.2848274	-.34260663	 2.1734916	-.16274976	 2.9790684	 4.7451667	 3.3590305	 1.3480049	-4.9269189	-2.7450998	-2.1757624	-.01227862	 .01171178	 .01143247	-.00740552	-.00107055	  .0052628	-2.6706704	
-.07912999	-.41505451	-.24313821	-5.2871029	 2.8429885	 -3.418233	 .48754778	-1.4537538	 .62662009	 14.437249	-4.2854239	  5.941372	 .08903913	 .13752599	  .0517857	-.13779795	-.08967534	-.06666194	 1.6098148	 1.4577302	 2.3176059	-.45894972	-.56181596	-.68725657	-5.5996013	-3.3859094	-1.8070468	-1.8336939	 -.7088985	-.31334875	-19.871256	-29.812684	-8.9427053	 27.014455	 34.121435	 11.144385	-.12753252	-.06627751	-.20199215	 1.3071278	  1.258819	 1.5203696	-3.6472661	-3.2598901	-4.3989803	 1.7807797	 1.6171693	 1.8190821	-.19920609	 .17315198	-.12925643	 3.6599164	 -1.259003	 .16220144	 1.7631479	  1.209204	-.00689523	-2.4700713	-1.1372742	-.03705711	  2.721187	 .69559299	 .47524006	 .24279421	-.97192569	 .41840622	 5.3859167	 4.2228692	 3.7995735	-4.7909944	 -2.718094	-3.4911827	-.01375288	   .012087	 .00909389	-.00673734	-.00226767	 .01109135	-3.1215171	
-.69978481	 .93290581	-1.0158444	 .43088495	  .2384849	 1.2197178	 2.8938984	-1.2342617	 1.3936726	-1.2324339	-.40729312	 -.7596111	-.26440973	-.16660677	-.40209186	-.12324354	-.24714923	-.14805848	 .94079878	 .83153905	 1.4918159	 -.2984107	-.13758078	-.72713734	-2.4675815	-2.6254902	 2.4172736	 .53653621	 1.4593378	-2.2747548	-28.484324	-10.820807	-46.752706	 30.508703	 11.144385	 46.654457	 1.0306713	 .87683374	 1.2171572	 .19510795	 .09583166	 .49909072	-5.7088378	-5.3734963	-7.5055882	  3.673583	 3.7192119	 4.5989339	 1.3364631	-.94098008	 .19773547	 1.2256841	-.19471026	-.09632841	 .45491196	 .92493959	-.29773003	-.78589546	-.31735921	 .15564313	 -.0004552	 .94284553	-1.9998086	 2.5867019	 .76996859	 4.2896991	 1.3522337	 1.5181113	 -.1287903	-1.4175656	-1.4650556	-.43575392	-.00603666	 .02440992	 -.0185929	 .00470195	-.00188048	 .01009988	-1.4515408	
  1.541578	-.89605368	 1.4565647	-5.9986663	 2.9281605	-3.9888978	 5.2729833	  -2.72352	 .37316854	-12.570427	 3.9873975	-2.2274094	 .17694523	-.06107444	-.22828631	 .18352907	 .26168338	 .66871855	 .95584999	 .82379948	 1.1510141	-.63364662	-.40035422	-.70779705	 .60355644	  .7223717	-.47867359	-2.0345933	-2.0012076	 .42224702	  .9785269	 1.6202607	-.68888614	 .64485467	-.12753252	 1.0306713	 115.13857	 109.57678	 142.52783	-71.374033	 -70.21419	-79.523367	-350.98258	-340.15773	 -425.7708	 264.37417	 259.13849	  310.0171	-.20142791	  .4512511	-.21058941	 .30750394	-.17462571	 .15008476	-.12880842	 .23170486	 .11935666	 .03384418	-.11078215	-.01700866	 .16099165	 .01863355	 .01489065	 .52488924	 .01732744	 .38090227	-.65008053	-.18068039	-.19665444	-.10691255	 .52532158	-.44824053	 .02119824	-.01188448	 .00435801	-.00422209	 .00176364	 .01334381	 43.374195	
 1.6133434	-.99391315	  1.486625	-5.3673514	 2.5633419	-3.9313537	-.97170978	-.34075741	-2.3877089	-9.2718978	 2.9247347	 -1.050914	 .17629261	  .0438047	-.17841932	 .17639485	 .09864717	 .62262039	 .92337838	 .80921887	 .98763885	-.49537386	-.30318061	 -.4483465	 .05816513	 .26852636	-.26109383	-1.2413476	-1.4933601	  .4330126	 .67502233	 1.5318616	 -.7256127	 .73751825	-.06627751	 .87683374	 109.57678	 106.93095	 131.85974	-69.533132	-70.998081	-73.277037	-326.70098	-316.56831	-396.31369	 246.76058	 241.90932	 288.97343	-.33552443	 .55087084	-.23000576	 .86439939	-.25314116	 .19324112	-.13214794	 .30146244	 .06097942	-.00565081	-.18922266	 .02266359	  .0499261	  .0577035	-.17358448	 .63173669	 .04879465	 .56608319	-.54669539	-.20644805	 -.1548794	-.10269804	  .5401822	-.41544703	 .01952197	-.01392978	 .00813543	 -.0078466	 .00135285	  .0036694	 40.820541	
 2.1272137	-.87368367	  1.942515	-11.432249	 4.7466428	-6.1466057	 24.957485	-10.000982	 9.0913913	-18.953294	 6.2044584	-4.9039563	-.15270985	-.42933226	-.55699154	 .58730286	 .69585545	 .71618454	 1.0922189	 .97803642	 1.4147819	-1.0418796	-.61461891	-1.3163017	-.06320663	 .68525839	-1.0676484	-1.7111067	 -2.010455	 .75198219	 1.6160621	 1.8007212	-.63639811	 .36977075	-.20199215	 1.2171572	 142.52783	 131.85974	 189.86331	-82.489864	-77.668195	-105.80324	-464.06603	 -449.8399	-563.31733	 347.57941	 340.54523	 408.96344	  .5342873	 .13074059	-.14492768	-1.7923463	 .48737173	-.06024827	-.27612003	 .01752455	 .18590619	 .09335621	  .1372274	-.03126814	 .52910702	  -.012009	 .46268818	  .2616313	 .09283135	 .05237899	-.98515654	 -.1297879	-.42960018	-.05539473	 .46138532	-.58077062	 .02415394	-.00814923	 2.276e-06	-.00219923	 .00199742	 .02121798	  55.68338	
 .85946217	-.00131888	 1.4195494	-14.670433	 4.3845445	 -9.023657	 36.167895	-11.448397	 14.139053	-25.769156	  7.956457	-6.9062428	-.21815527	 .06218323	 .04513293	 .95238445	 .54798105	 .71415681	-2.0228978	-1.7603984	-2.5942071	-.10927338	-.05970383	 .00910676	 -2.938019	-1.9191818	-1.3342492	  4.741543	 3.2827218	 2.4793097	-3.6862814	-2.7339282	 -1.858387	 1.5931508	 1.3071278	 .19510795	-71.374033	-69.533132	-82.489864	 220.77647	 214.77612	 258.48811	-183.31954	-178.57977	-216.38387	 41.572341	 40.121125	 51.933846	 -.0282883	 .28057973	-.15542619	-.49695936	-.33665057	 .12722028	 .20209377	-.38231949	-.00028695	-.11049467	 .34535845	 .01588473	 .67235128	 .15512029	 .61477868	-.59743967	-.27670512	-.28430111	 .42211064	  .5052454	-.26156043	-.63091372	-.41432918	-.50764132	-.01360394	 .02593391	-.00504517	-.00223343	 .00112389	 .00802864	-5.7708514	
 .14852518	 .21089999	 .66571312	-17.266172	 5.6401263	-10.142672	 47.701266	-15.764261	  19.16926	-30.264759	 9.3101846	-8.0362806	-.14058566	-.00449914	 .12740322	 1.0459786	 .90405541	 .94821057	-2.3276788	 -2.182077	-2.9085391	-.28523517	 -.2341668	-.35244685	-1.8685038	-.96711213	-1.2869966	 3.3329793	  2.269374	  2.532872	-2.9168168	-2.6506266	-1.8548389	 1.1706487	  1.258819	 .09583166	 -70.21419	-70.998081	-77.668195	 214.77612	 213.96557	 243.18767	-177.94007	-175.78586	-205.04853	 40.873659	 39.549539	 50.702227	 .20429771	 .00898821	-.11439563	-1.1904523	-.26972775	 .06254154	 .26715246	-.29343393	 .02811909	-.06049296	 .59780214	-.05433504	 .69279064	-.00663482	 .76571181	 -.6835576	-.20119602	  -.345336	 .39707025	 .50330383	-.28167414	-.62886622	-.42594133	-.58049971	 -.0168523	 .02979101	-.01057461	 .00373407	 .00124258	 .01011752	-5.9614533	
 2.1748209	-.64619182	 2.6489884	-7.5681517	 1.8497347	-6.5647376	 4.4884748	-.33851822	  1.922173	-14.503871	 4.6253167	-3.8488146	-.10459637	 .35181595	 -.1470602	 .15537188	-.31919771	 .43804449	-.78121592	-.70875353	-1.4849103	-.16851975	  .0006166	-.14645832	-3.0421177	-2.5205253	-1.3015291	 3.7898374	 3.0044185	 2.4638259	-3.7202238	-2.0317627	-2.2155226	 2.6652343	 1.5203696	 .49909072	-79.523367	-73.277037	-105.80324	 258.48811	 243.18767	 334.78569	-220.13627	-210.28668	-278.78892	 49.882815	 47.860032	 63.464354	-.89596296	 .92106434	-.41358297	 1.6732676	-.98495665	 .50440445	  .1834557	 -.2359074	-.13230091	-.30347817	 -.1023348	 .08168609	 .67183159	 .19558494	 .43012872	-.16801851	-.41946888	  .1154557	 .19441004	 .62629114	 -.4646029	-.57927191	-.39806826	-.33376806	 -.0166752	 .03298881	-.00956215	-.00338203	 .00194612	 .00507456	 -5.546414	
-10.037962	 3.4234906	-9.9807074	 69.114378	 -25.35719	 42.274152	-137.60771	 49.755966	-46.807814	 112.30863	-34.697684	 26.588169	 .45722286	 .46581689	 1.9513272	-3.2521206	-2.5561151	-4.4729166	-2.7901592	-2.3986227	-3.3981367	 3.2192779	 2.1872736	 3.2452578	 5.0067837	 1.8278274	  6.036149	-1.9515639	 1.6788444	-8.5713072	 3.9707671	-.68072029	 7.7879825	-7.4610666	-3.6472661	-5.7088378	-350.98258	-326.70098	-464.06603	-183.31954	-177.94007	-220.13627	 2186.3327	  2117.666	 2652.5759	-1482.4506	-1449.5874	-1751.6918	 .01541716	-1.8988064	 1.2975174	 3.1024427	-.17517348	-.57412639	 .67602917	-.04176473	-.38932708	 .07797469	-.74318014	-.01702726	-2.5802216	-.14600903	-1.7311363	-1.4655927	  .2921802	-1.7368461	  2.168137	-.64130991	 1.7083313	 1.2770648	-.77205008	 2.3373301	 -.0425608	-.04298768	 .00854748	 .04535608	 -.0086647	-.05713759	-170.54297	
-9.3789086	 3.2112678	 -9.507519	 70.797032	-26.217908	 43.306631	-143.56211	 51.965073	-50.248164	 112.37743	-34.645884	 26.883814	 .43691224	 .54174206	 1.7845075	-3.3293598	-2.7678535	-4.6108388	-2.4090527	-1.8863519	-2.7259736	 3.2850799	 2.1473244	 3.3217781	 4.4810193	 1.1359733	 5.9024513	-1.2142041	 2.6034245	-8.5277787	 2.8755122	 -1.265721	 7.5583598	 -6.575095	-3.2598901	-5.3734963	-340.15773	-316.56831	 -449.8399	-178.57977	-175.78586	-210.28668	  2117.666	  2056.391	 2558.4578	-1434.5479	-1405.5504	 -1688.395	-.04385479	-1.7313916	 1.2384512	 3.2547851	-.08970022	-.56350109	 .65999158	-.28401985	-.31285811	 .09151034	-.85944107	 .00009107	-2.4560318	-.08053856	-1.6644336	-1.3724748	 .15454174	-1.6649014	  2.109332	-.42793305	  1.731318	 1.3288271	-.80790321	 2.3910709	-.04227954	-.04198572	 .00934921	 .04278984	-.00841106	-.05438911	  -165.288	
-13.963991	  4.394236	-12.885837	 74.290274	-26.522696	 45.348051	-139.53446	 51.251177	-46.200827	 121.56474	 -38.09505	   29.2601	 .73906321	 .44283699	 2.8908108	-2.8670202	-1.9819067	-4.3373482	-5.6197083	-4.8351114	-6.5432184	 3.8137555	 2.4267827	 3.6794412	 6.9288987	 3.4762026	 7.7461689	-1.2782082	 1.7467937	-9.5615153	 3.2204766	-1.7824526	 8.8028693	-9.3570136	-4.3989803	-7.5055882	 -425.7708	-396.31369	-563.31733	-216.38387	-205.04853	-278.78892	 2652.5759	 2558.4578	 3266.2596	-1804.5013	-1758.8179	-2160.5476	 .07862605	-2.4128801	  1.703569	 3.9648188	-1.0158048	-.73557123	 .93611621	 .27203976	-.47836088	 .27408516	-.39381523	 -.1949839	-3.4861091	 -.0148982	 -2.652546	-1.9911291	 .31491443	-2.2619401	 3.3725745	-1.1767331	  3.038435	 1.0073407	-.59218506	 2.1371585	-.03765108	-.07469387	 .03411835	 .04429492	 -.0122786	-.06577284	-206.17969	
